1 [2]
2 [6]
3 [5]
4 [3]
5 [2]
6 []
7 [1]
8 [1, 2, 4]
9 [1]
10 [3]
11 [6]
12 [2]
13 [2, 5]
14 [1, 2, 4, 5]
15 [2, 4, 5]
16 [1, 4, 5, 6]
17 [3, 4]
18 [3]
19 [3, 5, 6]
20 [5, 6]
21 [4, 5]
22 [4]
23 [4]
24 [4]
25 [6]
26 [4, 6]
27 [1]
28 [1]
29 [1]
30 [1, 4, 6]
31 [2, 5]
32 [1, 2]
33 [2, 5]
34 []
35 [1, 6]
36 [5]
37 [2, 5]
38 [2]
39 []
40 [3]
41 [2, 3, 6]
42 [2, 3, 6]
43 []
44 [3]
45 [3, 6]
46 [2]
47 [1, 6]
48 [2, 6]
49 []
50 [6]
51 []
52 [1, 2]
53 [1, 6]
54 []
55 []
56 [5]
57 []
58 [2, 5, 6]
59 [4]
60 [3]
61 [3, 6]
62 [4]
63 [4]
64 [4]
65 []
66 []
67 [3]
68 [6]
69 [6]
70 []
71 [2, 6]
72 []
73 [5]
74 []
75 [5]
76 [6]
77 []
78 []
79 [1, 6]
80 [3, 4]
81 []
82 [4]
83 [6]
84 [6]
85 []
86 []
87 [5]
88 []
89 [3, 6]
90 [4, 6]
91 [6]
92 []
93 [2, 3]
94 [3]
95 []
96 []
97 [2, 3, 6]
98 [1, 2]
99 [2, 6]
100 [2, 6]
