1 [6]
2 [6]
3 [2, 6]
4 [1, 3, 4]
5 [4, 6]
6 [1]
7 [3, 4]
8 [1, 2]
9 [1, 4, 6]
10 [4]
11 [2, 4, 5, 6]
12 [5, 6]
13 [3]
14 [2, 5]
15 [6]
16 []
17 [3, 4]
18 [1, 4, 6]
19 []
20 []
21 [5]
22 [4, 5]
23 [2]
24 [1, 3]
25 [3]
26 [2, 6]
27 [5, 6]
28 [6]
29 [1, 4]
30 [1]
31 [2]
32 [6]
33 [3, 4]
34 [4, 5]
35 [2, 3, 4, 5]
36 [1, 3, 5]
37 [2, 5]
38 [6]
39 [5]
40 [5, 6]
41 [1, 4, 5]
42 [4]
43 [4]
44 [5, 6]
45 [2]
46 []
47 [3, 5, 6]
48 [6]
49 [3, 5, 6]
50 [2, 5, 6]
51 [2, 4, 5]
52 []
53 [5]
54 [4]
55 [3]
56 [3]
57 [1, 2, 4, 5]
58 [2, 3]
59 [2, 3, 4]
60 [6]
61 []
62 [2]
63 [2, 5]
64 [1, 5]
65 [3, 5]
66 [4]
67 [1, 2]
68 [1]
69 []
70 [2]
71 [4, 5]
72 [1]
73 [1, 3]
74 []
75 []
76 [2, 4]
77 [1, 2]
78 [1, 2, 3]
79 [2]
80 [3]
81 [2, 5]
82 [2, 4, 5]
83 [4, 5]
84 [1, 4]
85 [4, 6]
86 [4, 6]
87 [5]
88 [4, 6]
89 [4, 5]
90 [4, 5]
91 [2]
92 [2, 3]
93 [3, 5]
94 [3, 5]
95 [1, 2, 3, 4, 5]
96 [2, 4, 5]
97 [1, 6]
98 [2, 4]
99 [4, 5]
100 [2, 5]
